m: -5.86739859495, -6.94627079547, 5.04938607195, 4.3662203466, 1.62360872305, 0.790073830154, 3.56153772138, 3.57738570476, 0.281515144764, -1.5218299992, 8.32744458383, 4.25014149372
i: -8.65574053518, 9.02329486011, 4.75997425535, 15.7461335465, 16.4792890309, 3.80755775652, 4.20757811679, 3.76824239475, -5.57756379831, -0.695374568025, 7.24805938527, 3.84961264243
l: 2.92747624563, 10.4794745536, 4.46937639235, 6.31000551916, 3.69185649901, -0.631245225002, 6.47589086451, 11.4953130145, 0.921668457343, -2.44908561315, 1.26490068144, -2.40014859565
k: 4.38857561074, 9.7560155432, -0.3351530978, 2.91817647069, 4.13014013956, 1.29353314948, 0.794568703469, 2.501722676, -3.40869902109, 0.606210408737, 1.35778300435, 0.898403760319
b: 5.74027011341, 9.58432187256, 7.38966429209, 5.57693773449, 0.840607201002, -5.29008200753, 4.32532173129, 7.62371263318, 0.723997188126, 1.78316340057, 1.60125023576, -4.2900998221
d: 4.23048267037, 10.974799405, 6.87582311064, 4.50573077573, 0.561367061514, -0.908326992859, 5.62753427306, 7.29240364068, 0.311197795649, 1.15388947473, -0.613634965609, -5.05573781184
f: 9.48025398232, 14.2196770892, -0.624804475932, 0.923597006693, 2.75060309855, 0.434431953273, -0.590339804344, 3.36884413872, -0.953183072801, -0.465806515204, 0.507346042964, 1.44139571446