new_M: 11.2970324814,-1.51757822976,-5.81273784453,-5.83908301932,-9.08831021775,16.3184051186,6.24967330362,9.18046502052,-0.390791907181,3.5942307338,7.75877836296,5.6787700137,6.36455889254
new_I: 14.6449088636,8.11136082022,-2.94574509874,-2.44387218781,5.4814982324,1.29605484836,7.8075197764,13.1373051493,7.57170552631,-9.66489860433,-7.42455693617,-6.61330688549,-10.6921893095
new_L: 11.9712125978,-6.73548746155,-7.36052999066,3.08957788138,-1.49995433499,5.12579004786,-9.3102295425,2.92299188981,-2.87690119981,-2.49614115693,-0.748380511429,7.15652429869,2.16883596656
new_K: 12.6708388685,-3.28537747287,-0.379588035198,11.0896210523,-0.644184055128,10.2151030393,-7.46388749773,7.91761695741,-0.18347852545,2.8840847498,-0.81175895076,5.68153366636,0.238319799492