s: -10.9847886939, 26.4198813765, -3.6210124754, -2.653942226, 3.60566971635, 3.3856329813, 2.08853370975, 0.206612461367, -1.5110772215, 0.0693668656795, 0.696944490024, 2.61436485341
an: 3.55928354271, 7.59783383071, 0.608659936667, 0.195664316501, 3.43931124923, -2.9701453094, 8.58901125057, -0.600470855621, -9.19628543479, 2.59187601185, -1.06747150961, -5.29588152606
d: 11.0895887597, 11.4561122438, 5.28978584801, 3.71212289774, 5.77853423432, 4.42267244191, 5.3944138754, 7.53511031797, -0.769721071786, -0.0312455252171, 0.604926259957, -3.38731083863